0 0
0.0004646 0.00112681
0.00182606 0.00229218
0.00403586 0.00353466
0.0070455 0.0048928
0.0108065 0.00640516
0.0152702 0.00811029
0.0203883 0.0100467
0.0261121 0.0122531
0.0323932 0.0147679
0.039183 0.0176296
0.0464331 0.0208769
0.0540949 0.0245483
0.0621199 0.0286824
0.0704596 0.0333177
0.0790655 0.0384927
0.0878891 0.0442461
0.0968818 0.0506163
0.105995 0.0576419
0.115181 0.0653616
0.12439 0.0738137
0.133574 0.083037
0.142685 0.0930699
0.151674 0.103951
0.160492 0.115719
0.169092 0.128412
0.177424 0.142069
0.18544 0.156728
0.193091 0.172429
0.20033 0.189209
0.207107 0.207107
0.213375 0.226145
0.219096 0.246276
0.224228 0.26744
0.228736 0.289572
0.232579 0.31261
0.235719 0.336492
0.238118 0.361155
0.239737 0.386537
0.240537 0.412574
0.24048 0.439205
0.239528 0.466366
0.237642 0.493995
0.234783 0.52203
0.230913 0.550408
0.225993 0.579066
0.219984 0.607941
0.212849 0.636972
0.204548 0.666095
0.195044 0.695248
0.184296 0.724368
0.172268 0.753393
0.15892 0.78226
0.144213 0.810907
0.12811 0.83927
0.110572 0.867288
0.0915595 0.894897
0.0710347 0.922036
0.0489588 0.948641
0.0252935 0.97465
0 1
-0.0269416 1.02463
-0.0554774 1.04849
-0.0855347 1.07154
-0.117041 1.09371
-0.149924 1.11497
-0.18411 1.13527
-0.219528 1.15455
-0.256105 1.17278
-0.293768 1.18989
-0.332444 1.20585
-0.372062 1.2206
-0.412548 1.23409
-0.453831 1.24629
-0.495836 1.25713
-0.538493 1.26657
-0.581728 1.27456
-0.625468 1.28105
-0.669642 1.286
-0.714176 1.28935
-0.758999 1.29106
-0.804037 1.29107
-0.849218 1.28935
-0.894469 1.28584
-0.939719 1.28049
-0.984893 1.27326
-1.02992 1.26409
-1.07473 1.25294
-1.11924 1.23976
-1.16339 1.2245
-1.20711 1.20711
-1.25031 1.18756
-1.29294 1.16591
-1.33494 1.14223
-1.37624 1.11659
-1.41678 1.08906
-1.45649 1.05972
-1.49532 1.02864
-1.5332 0.995885
-1.57007 0.961537
-1.60587 0.925666
-1.64053 0.888343
-1.674 0.849642
-1.7062 0.809635
-1.73707 0.768394
-1.76657 0.725993
-1.79461 0.682503
-1.82114 0.637997
-1.84609 0.592548
-1.86941 0.546229
-1.89103 0.499111
-1.91089 0.451268
-1.92893 0.402772
-1.94507 0.353695
-1.95927 0.30411
-1.97145 0.25409
-1.98156 0.203708
-1.98954 0.153035
-1.99531 0.102144
-1.99882 0.0511083
-2 0
-1.99882 -0.0511083
-1.99531 -0.102144
-1.98954 -0.153035
-1.98156 -0.203708
-1.97145 -0.25409
-1.95927 -0.30411
-1.94507 -0.353695
-1.92893 -0.402772
-1.91089 -0.451268
-1.89103 -0.499111
-1.86941 -0.546229
-1.84609 -0.592548
-1.82114 -0.637997
-1.79461 -0.682503
-1.76657 -0.725993
-1.73707 -0.768394
-1.7062 -0.809635
-1.674 -0.849642
-1.64053 -0.888343
-1.60587 -0.925666
-1.57007 -0.961537
-1.5332 -0.995885
-1.49532 -1.02864
-1.45649 -1.05972
-1.41678 -1.08906
-1.37624 -1.11659
-1.33494 -1.14223
-1.29294 -1.16591
-1.25031 -1.18756
-1.20711 -1.20711
-1.16339 -1.2245
-1.11924 -1.23976
-1.07473 -1.25294
-1.02992 -1.26409
-0.984893 -1.27326
-0.939719 -1.28049
-0.894469 -1.28584
-0.849218 -1.28935
-0.804037 -1.29107
-0.758999 -1.29106
-0.714176 -1.28935
-0.669642 -1.286
-0.625468 -1.28105
-0.581728 -1.27456
-0.538493 -1.26657
-0.495836 -1.25713
-0.453831 -1.24629
-0.412548 -1.23409
-0.372062 -1.2206
-0.332444 -1.20585
-0.293768 -1.18989
-0.256105 -1.17278
-0.219528 -1.15455
-0.18411 -1.13527
-0.149924 -1.11497
-0.117041 -1.09371
-0.0855347 -1.07154
-0.0554774 -1.04849
-0.0269416 -1.02463
0 -1
0.0252935 -0.97465
0.0489588 -0.948641
0.0710347 -0.922036
0.0915595 -0.894897
0.110572 -0.867288
0.12811 -0.83927
0.144213 -0.810907
0.15892 -0.78226
0.172268 -0.753393
0.184296 -0.724368
0.195044 -0.695248
0.204548 -0.666095
0.212849 -0.636972
0.219984 -0.607941
0.225993 -0.579066
0.230913 -0.550408
0.234783 -0.52203
0.237642 -0.493995
0.239528 -0.466366
0.24048 -0.439205
0.240537 -0.412574
0.239737 -0.386537
0.238118 -0.361155
0.235719 -0.336492
0.232579 -0.31261
0.228736 -0.289572
0.224228 -0.26744
0.219096 -0.246276
0.213375 -0.226145
0.207107 -0.207107
0.20033 -0.189209
0.193091 -0.172429
0.18544 -0.156728
0.177424 -0.142069
0.169092 -0.128412
0.160492 -0.115719
0.151674 -0.103951
0.142685 -0.0930699
0.133574 -0.083037
0.12439 -0.0738137
0.115181 -0.0653616
0.105995 -0.0576419
0.0968818 -0.0506163
0.0878891 -0.0442461
0.0790655 -0.0384927
0.0704596 -0.0333177
0.0621199 -0.0286824
0.0540949 -0.0245483
0.0464331 -0.0208769
0.039183 -0.0176296
0.0323932 -0.0147679
0.0261121 -0.0122531
0.0203883 -0.0100467
0.0152702 -0.00811029
0.0108065 -0.00640516
0.0070455 -0.0048928
0.00403586 -0.00353466
0.00182606 -0.00229218
0.0004646 -0.00112681
-1.11022e-16 0
