-1 0.0384615 0.038461538
-0.996 0.038759089 0.038781366
-0.992 0.039060059 0.039101424
-0.988 0.0393645 0.039421945
-0.984 0.039672464 0.039743161
-0.98 0.039984006 0.040065302
-0.976 0.040299181 0.0403886
-0.972 0.040618044 0.040713286
-0.968 0.040940652 0.041039592
-0.964 0.041267064 0.041367749
-0.96 0.041597338 0.041697988
-0.956 0.041931534 0.042030542
-0.952 0.042269715 0.04236564
-0.948 0.042611942 0.042703516
-0.944 0.042958279 0.043044399
-0.94 0.043308792 0.043388522
-0.936 0.043663546 0.043736115
-0.932 0.04402261 0.044087411
-0.928 0.044386052 0.044442641
-0.924 0.044753943 0.044802035
-0.92 0.045126354 0.045165826
-0.916 0.045503358 0.045534244
-0.912 0.04588503 0.045907522
-0.908 0.046271447 0.04628589
-0.904 0.046662685 0.04666958
-0.9 0.047058824 0.047058824
-0.896 0.047459944 0.047453823
-0.892 0.047866128 0.047854666
-0.888 0.04827746 0.048261413
-0.884 0.048694026 0.048674123
-0.88 0.049115914 0.049092855
-0.876 0.049543212 0.049517668
-0.872 0.049976012 0.049948622
-0.868 0.050414406 0.050385776
-0.864 0.050858491 0.050829189
-0.86 0.051308363 0.051278922
-0.856 0.051764121 0.051735032
-0.852 0.052225866 0.052197581
-0.848 0.052693702 0.052666626
-0.844 0.053167734 0.053142227
-0.84 0.053648069 0.053624444
-0.836 0.054134817 0.054113336
-0.832 0.054628092 0.054608962
-0.828 0.055128007 0.055111382
-0.824 0.05563468 0.055620655
-0.82 0.056148231 0.05613684
-0.816 0.056668782 0.056659997
-0.812 0.057196458 0.057190185
-0.808 0.057731387 0.057727464
-0.804 0.0582737 0.058271892
-0.8 0.058823529 0.058823529
-0.796 0.059381012 0.059382457
-0.792 0.059946288 0.059948843
-0.788 0.060519499 0.060522878
-0.784 0.061100792 0.061104752
-0.78 0.061690315 0.061694656
-0.776 0.06228822 0.062292778
-0.772 0.062894664 0.06289931
-0.768 0.063509806 0.063514442
-0.764 0.064133809 0.064138363
-0.76 0.064766839 0.064771264
-0.756 0.065409068 0.065413336
-0.752 0.06606067 0.066064768
-0.748 0.066721823 0.06672575
-0.744 0.067392711 0.067396473
-0.74 0.068073519 0.068077127
-0.736 0.068764441 0.068767902
-0.732 0.06946567 0.069468988
-0.728 0.070177408 0.070180575
-0.724 0.070899861 0.070902854
-0.72 0.071633238 0.071636015
-0.716 0.072377754 0.072380247
-0.712 0.07313363 0.073135741
-0.708 0.073901091 0.073902688
-0.704 0.074680368 0.074681277
-0.7 0.075471698 0.075471698
-0.696 0.076275323 0.076274166
-0.692 0.077091492 0.077088986
-0.688 0.077920459 0.077916491
-0.684 0.078762484 0.078757011
-0.68 0.079617834 0.079610876
-0.676 0.080486784 0.080478417
-0.672 0.081369613 0.081359966
-0.668 0.08226661 0.082255851
-0.664 0.083178068 0.083166405
-0.66 0.084104289 0.084091958
-0.656 0.085045584 0.085032841
-0.652 0.08600227 0.085989384
-0.648 0.086974673 0.086961918
-0.644 0.087963126 0.087950773
-0.64 0.088967972 0.088956282
-0.636 0.089989561 0.089978773
-0.632 0.091028255 0.091018578
-0.628 0.092084423 0.092076027
-0.624 0.093158444 0.093151452
-0.62 0.094250707 0.094245183
-0.616 0.095361611 0.09535755
-0.612 0.096491567 0.096488885
-0.608 0.097640994 0.097639518
-0.604 0.098810324 0.098809779
-0.6 0.1 0.1
-0.596 0.10121048 0.10121056
-0.592 0.10244222 0.10244201
-0.588 0.10369572 0.10369497
-0.584 0.10497145 0.10497005
-0.58 0.10626993 0.10626784
-0.576 0.10759167 0.10758896
-0.572 0.10893721 0.10893402
-0.568 0.11030709 0.11030363
-0.564 0.11170189 0.11169838
-0.56 0.11312217 0.1131189
-0.556 0.11456853 0.11456578
-0.552 0.11604159 0.11603964
-0.548 0.11754196 0.11754108
-0.544 0.1190703 0.11907071
-0.54 0.12062726 0.12062914
-0.536 0.12221353 0.12221698
-0.532 0.12382981 0.12383483
-0.528 0.12547681 0.1254833
-0.524 0.12715528 0.12716299
-0.52 0.12886598 0.12887453
-0.516 0.13060969 0.13061851
-0.512 0.13238721 0.13239554
-0.508 0.13419937 0.13420624
-0.504 0.13604702 0.1360512
-0.5 0.13793103 0.13793103
-0.496 0.13985232 0.13984648
-0.492 0.14181179 0.14179877
-0.488 0.1438104 0.14378926
-0.484 0.14584913 0.14581932
-0.48 0.14792899 0.1478903
-0.476 0.15005102 0.15000358
-0.472 0.15221627 0.1521605
-0.468 0.15442584 0.15436242
-0.464 0.15668087 0.15661072
-0.46 0.15898251 0.15890674
-0.456 0.16133196 0.16125186
-0.452 0.16373043 0.16364743
-0.448 0.16617921 0.16609481
-0.444 0.16867958 0.16859536
-0.44 0.17123288 0.17115045
-0.436 0.17384048 0.17376143
-0.432 0.17650381 0.17642966
-0.428 0.17922432 0.17915651
-0.424 0.18200349 0.18194334
-0.42 0.18484288 0.1847915
-0.416 0.18774407 0.18770236
-0.412 0.19070867 0.19067728
-0.408 0.19373838 0.19371762
-0.404 0.19683489 0.19682474
-0.4 0.2 0.2
-0.396 0.20323551 0.2032449
-0.392 0.20654329 0.2065615
-0.388 0.20992527 0.20995201
-0.384 0.21338341 0.21341861
-0.38 0.21691974 0.21696351
-0.376 0.22053634 0.22058892
-0.372 0.22423536 0.22429702
-0.368 0.22801897 0.22809003
-0.364 0.23188944 0.23197013
-0.36 0.23584906 0.23593953
-0.356 0.2399002 0.24000043
-0.352 0.24404529 0.24415503
-0.348 0.24828682 0.24840553
-0.344 0.25262732 0.25275413
-0.34 0.25706941 0.25720302
-0.336 0.26161574 0.26175442
-0.332 0.26626904 0.26641051
-0.328 0.27103209 0.27117349
-0.324 0.27590774 0.27604558
-0.32 0.28089888 0.28102896
-0.316 0.28600847 0.28612584
-0.312 0.29123952 0.29133841
-0.308 0.29659509 0.29666888
-0.304 0.3020783 0.30211945
-0.3 0.30769231 0.30769231
-0.296 0.31344032 0.3133901
-0.292 0.31932558 0.3192172
-0.288 0.32535138 0.32517842
-0.284 0.33152102 0.33127858
-0.28 0.33783784 0.33752248
-0.276 0.34430519 0.34391495
-0.272 0.35092645 0.35046079
-0.268 0.35770496 0.35716482
-0.264 0.36464411 0.36403185
-0.26 0.37174721 0.37106669
-0.256 0.37901759 0.37827416
-0.252 0.38645849 0.38565907
-0.248 0.39407314 0.39322624
-0.244 0.40186465 0.40098047
-0.24 0.40983607 0.40892658
-0.236 0.4179903 0.41706938
-0.232 0.42633015 0.4254137
-0.228 0.43485824 0.43396433
-0.224 0.443577 0.44272609
-0.22 0.45248869 0.4517038
-0.216 0.46159527 0.46090227
-0.212 0.47089847 0.47032631
-0.208 0.48039969 0.47998074
-0.204 0.49009998 0.48987036
-0.2 0.5 0.5
-0.196 0.51009998 0.51037156
-0.192 0.52039967 0.52097536
-0.188 0.53089828 0.5317988
-0.184 0.54159445 0.54282929
-0.18 0.55248619 0.55405424
-0.176 0.56357078 0.56546107
-0.172 0.57484479 0.57703717
-0.168 0.58630394 0.58876996
-0.164 0.59794308 0.60064685
-0.16 0.6097561 0.61265524
-0.156 0.62173589 0.62478255
-0.152 0.63387424 0.63701619
-0.148 0.6461618 0.64934355
-0.144 0.65858799 0.66175206
-0.14 0.67114094 0.67422912
-0.136 0.68380744 0.68676214
-0.132 0.69657286 0.69933853
-0.128 0.70942111 0.71194569
-0.124 0.72233459 0.72457105
-0.12 0.73529412 0.737202
-0.116 0.74827896 0.74982595
-0.112 0.76126675 0.76243032
-0.108 0.77423351 0.77500251
-0.104 0.78715365 0.78752994
-0.1 0.8 0.8
-0.096 0.81274382 0.81239651
-0.092 0.8253549 0.82468887
-0.088 0.83780161 0.83684288
-0.084 0.850051 0.84882432
-0.08 0.86206897 0.860599
-0.076 0.87382034 0.87213272
-0.072 0.88526912 0.88339127
-0.068 0.89637863 0.89434045
-0.064 0.90711176 0.90494605
-0.06 0.91743119 0.91517388
-0.056 0.9272997 0.92498972
-0.052 0.9366804 0.93435939
-0.048 0.94553707 0.94324867
-0.044 0.95383441 0.95162335
-0.04 0.96153846 0.95944925
-0.036 0.96861682 0.96669215
-0.032 0.975039 0.97331786
-0.028 0.98077678 0.97929216
-0.024 0.98580442 0.98458086
-0.02 0.99009901 0.98914975
-0.016 0.9936407 0.99296463
-0.012 0.99641291 0.9959913
-0.008 0.99840256 0.99819555
-0.004 0.99960016 0.99954319
0 1 1
0.004 0.99960016 0.99954319
0.008 0.99840256 0.99819555
0.012 0.99641291 0.9959913
0.016 0.9936407 0.99296463
0.02 0.99009901 0.98914975
0.024 0.98580442 0.98458086
0.028 0.98077678 0.97929216
0.032 0.975039 0.97331786
0.036 0.96861682 0.96669215
0.04 0.96153846 0.95944925
0.044 0.95383441 0.95162335
0.048 0.94553707 0.94324867
0.052 0.9366804 0.93435939
0.056 0.9272997 0.92498972
0.06 0.91743119 0.91517388
0.064 0.90711176 0.90494605
0.068 0.89637863 0.89434045
0.072 0.88526912 0.88339127
0.076 0.87382034 0.87213272
0.08 0.86206897 0.860599
0.084 0.850051 0.84882432
0.088 0.83780161 0.83684288
0.092 0.8253549 0.82468887
0.096 0.81274382 0.81239651
0.1 0.8 0.8
0.104 0.78715365 0.78752994
0.108 0.77423351 0.77500251
0.112 0.76126675 0.76243032
0.116 0.74827896 0.74982595
0.12 0.73529412 0.737202
0.124 0.72233459 0.72457105
0.128 0.70942111 0.71194569
0.132 0.69657286 0.69933853
0.136 0.68380744 0.68676214
0.14 0.67114094 0.67422912
0.144 0.65858799 0.66175206
0.148 0.6461618 0.64934355
0.152 0.63387424 0.63701619
0.156 0.62173589 0.62478255
0.16 0.6097561 0.61265524
0.164 0.59794308 0.60064685
0.168 0.58630394 0.58876996
0.172 0.57484479 0.57703717
0.176 0.56357078 0.56546107
0.18 0.55248619 0.55405424
0.184 0.54159445 0.54282929
0.188 0.53089828 0.5317988
0.192 0.52039967 0.52097536
0.196 0.51009998 0.51037156
0.2 0.5 0.5
0.204 0.49009998 0.48987036
0.208 0.48039969 0.47998074
0.212 0.47089847 0.47032631
0.216 0.46159527 0.46090227
0.22 0.45248869 0.4517038
0.224 0.443577 0.44272609
0.228 0.43485824 0.43396433
0.232 0.42633015 0.4254137
0.236 0.4179903 0.41706938
0.24 0.40983607 0.40892658
0.244 0.40186465 0.40098047
0.248 0.39407314 0.39322624
0.252 0.38645849 0.38565907
0.256 0.37901759 0.37827416
0.26 0.37174721 0.37106669
0.264 0.36464411 0.36403185
0.268 0.35770496 0.35716482
0.272 0.35092645 0.35046079
0.276 0.34430519 0.34391495
0.28 0.33783784 0.33752248
0.284 0.33152102 0.33127858
0.288 0.32535138 0.32517842
0.292 0.31932558 0.3192172
0.296 0.31344032 0.3133901
0.3 0.30769231 0.30769231
0.304 0.3020783 0.30211945
0.308 0.29659509 0.29666888
0.312 0.29123952 0.29133841
0.316 0.28600847 0.28612584
0.32 0.28089888 0.28102896
0.324 0.27590774 0.27604558
0.328 0.27103209 0.27117349
0.332 0.26626904 0.26641051
0.336 0.26161574 0.26175442
0.34 0.25706941 0.25720302
0.344 0.25262732 0.25275413
0.348 0.24828682 0.24840553
0.352 0.24404529 0.24415503
0.356 0.2399002 0.24000043
0.36 0.23584906 0.23593953
0.364 0.23188944 0.23197013
0.368 0.22801897 0.22809003
0.372 0.22423536 0.22429702
0.376 0.22053634 0.22058892
0.38 0.21691974 0.21696351
0.384 0.21338341 0.21341861
0.388 0.20992527 0.20995201
0.392 0.20654329 0.2065615
0.396 0.20323551 0.2032449
0.4 0.2 0.2
0.404 0.19683489 0.19682474
0.408 0.19373838 0.19371762
0.412 0.19070867 0.19067728
0.416 0.18774407 0.18770236
0.42 0.18484288 0.1847915
0.424 0.18200349 0.18194334
0.428 0.17922432 0.17915651
0.432 0.17650381 0.17642966
0.436 0.17384048 0.17376143
0.44 0.17123288 0.17115045
0.444 0.16867958 0.16859536
0.448 0.16617921 0.16609481
0.452 0.16373043 0.16364743
0.456 0.16133196 0.16125186
0.46 0.15898251 0.15890674
0.464 0.15668087 0.15661072
0.468 0.15442584 0.15436242
0.472 0.15221627 0.1521605
0.476 0.15005102 0.15000358
0.48 0.14792899 0.1478903
0.484 0.14584913 0.14581932
0.488 0.1438104 0.14378926
0.492 0.14181179 0.14179877
0.496 0.13985232 0.13984648
0.5 0.13793103 0.13793103
0.504 0.13604702 0.1360512
0.508 0.13419937 0.13420624
0.512 0.13238721 0.13239554
0.516 0.13060969 0.13061851
0.52 0.12886598 0.12887453
0.524 0.12715528 0.12716299
0.528 0.12547681 0.1254833
0.532 0.12382981 0.12383483
0.536 0.12221353 0.12221698
0.54 0.12062726 0.12062914
0.544 0.1190703 0.11907071
0.548 0.11754196 0.11754108
0.552 0.11604159 0.11603964
0.556 0.11456853 0.11456578
0.56 0.11312217 0.1131189
0.564 0.11170189 0.11169838
0.568 0.11030709 0.11030363
0.572 0.10893721 0.10893402
0.576 0.10759167 0.10758896
0.58 0.10626993 0.10626784
0.584 0.10497145 0.10497005
0.588 0.10369572 0.10369497
0.592 0.10244222 0.10244201
0.596 0.10121048 0.10121056
0.6 0.1 0.1
0.604 0.098810324 0.098809779
0.608 0.097640994 0.097639518
0.612 0.096491567 0.096488885
0.616 0.095361611 0.09535755
0.62 0.094250707 0.094245183
0.624 0.093158444 0.093151452
0.628 0.092084423 0.092076027
0.632 0.091028255 0.091018578
0.636 0.089989561 0.089978773
0.64 0.088967972 0.088956282
0.644 0.087963126 0.087950773
0.648 0.086974673 0.086961918
0.652 0.08600227 0.085989384
0.656 0.085045584 0.085032841
0.66 0.084104289 0.084091958
0.664 0.083178068 0.083166405
0.668 0.08226661 0.082255851
0.672 0.081369613 0.081359966
0.676 0.080486784 0.080478417
0.68 0.079617834 0.079610876
0.684 0.078762484 0.078757011
0.688 0.077920459 0.077916491
0.692 0.077091492 0.077088986
0.696 0.076275323 0.076274166
0.7 0.075471698 0.075471698
0.704 0.074680368 0.074681277
0.708 0.073901091 0.073902688
0.712 0.07313363 0.073135741
0.716 0.072377754 0.072380247
0.72 0.071633238 0.071636015
0.724 0.070899861 0.070902854
0.728 0.070177408 0.070180575
0.732 0.06946567 0.069468988
0.736 0.068764441 0.068767902
0.74 0.068073519 0.068077127
0.744 0.067392711 0.067396473
0.748 0.066721823 0.06672575
0.752 0.06606067 0.066064768
0.756 0.065409068 0.065413336
0.76 0.064766839 0.064771264
0.764 0.064133809 0.064138363
0.768 0.063509806 0.063514442
0.772 0.062894664 0.06289931
0.776 0.06228822 0.062292778
0.78 0.061690315 0.061694656
0.784 0.061100792 0.061104752
0.788 0.060519499 0.060522878
0.792 0.059946288 0.059948843
0.796 0.059381012 0.059382457
0.8 0.058823529 0.058823529
0.804 0.0582737 0.058271892
0.808 0.057731387 0.057727464
0.812 0.057196458 0.057190185
0.816 0.056668782 0.056659997
0.82 0.056148231 0.05613684
0.824 0.05563468 0.055620655
0.828 0.055128007 0.055111382
0.832 0.054628092 0.054608962
0.836 0.054134817 0.054113336
0.84 0.053648069 0.053624444
0.844 0.053167734 0.053142227
0.848 0.052693702 0.052666626
0.852 0.052225866 0.052197581
0.856 0.051764121 0.051735032
0.86 0.051308363 0.051278922
0.864 0.050858491 0.050829189
0.868 0.050414406 0.050385776
0.872 0.049976012 0.049948622
0.876 0.049543212 0.049517668
0.88 0.049115914 0.049092855
0.884 0.048694026 0.048674123
0.888 0.04827746 0.048261413
0.892 0.047866128 0.047854666
0.896 0.047459944 0.047453823
0.9 0.047058824 0.047058824
0.904 0.046662685 0.04666958
0.908 0.046271447 0.04628589
0.912 0.04588503 0.045907522
0.916 0.045503358 0.045534244
0.92 0.045126354 0.045165826
0.924 0.044753943 0.044802035
0.928 0.044386052 0.044442641
0.932 0.04402261 0.044087411
0.936 0.043663546 0.043736115
0.94 0.043308792 0.043388522
0.944 0.042958279 0.043044399
0.948 0.042611942 0.042703516
0.952 0.042269715 0.04236564
0.956 0.041931534 0.042030542
0.96 0.041597338 0.041697988
0.964 0.041267064 0.041367749
0.968 0.040940652 0.041039592
0.972 0.040618044 0.040713286
0.976 0.040299181 0.0403886
0.98 0.039984006 0.040065302
0.984 0.039672464 0.039743161
0.988 0.0393645 0.039421945
0.992 0.039060059 0.039101424
0.996 0.038759089 0.038781366
1 0.038461538 0.038461538
